Start Date: 07/13/05
End Date: 07/13/05
Subject: 56
Experiment: 0
Group: 0
Box: 5
Start Time: 15:16:59
End Time: 15:47:05
MSN: CONCUR5B
H:       0.000
I:       0.000
J:       0.000
K:       0.000
M:       0.000
N:       0.000
O:       0.000
P:       0.000
Q:       0.000
S:       0.000
T:       0.000
U:       0.000
V:      30.000
W:       0.000
Z:       0.000
A:
     0:      547.000       21.000       22.000       29.000       19.000
     5:       24.000       24.000       15.000       31.000       21.000
    10:       21.000       17.000       19.000       13.000       21.000
    15:       11.000       15.000       18.000        8.000       13.000
    20:       20.000       16.000       13.000       15.000       13.000
    25:       22.000       17.000       17.000       24.000       15.000
    30:        0.000        0.000        0.000
B:
     0:     2143.000       90.000       31.000       15.000       80.000
     5:       60.000       59.000       54.000       61.000       58.000
    10:       28.000       40.000       68.000       64.000       75.000
    15:       94.000       90.000       60.000       61.000       93.000
    20:       93.000       72.000       82.000       77.000      112.000
    25:      103.000      129.000       90.000       76.000      112.000
    30:        0.000        0.000        0.000
C:
     0:      775.000       20.000       35.000       53.000       17.000
     5:       32.000       27.000       26.000       34.000       33.000
    10:       37.000       42.000       27.000       18.000       23.000
    15:       16.000       20.000       30.000       27.000       24.000
    20:       22.000       22.000       21.000       18.000       15.000
    25:       19.000       19.000       21.000       29.000       14.000
    30:        0.000        0.000        0.000
D:
     0:      788.000       39.000       16.000        6.000       33.000
     5:       21.000       22.000       25.000       23.000       21.000
    10:       18.000       14.000       22.000       29.000       28.000
    15:       35.000       32.000       21.000       22.000       24.000
    20:       34.000       23.000       27.000       35.000       39.000
    25:       35.000       33.000       33.000       28.000       37.000
    30:        0.000        0.000        0.000
E:
     0:       11.000        0.000        0.000        0.000        0.000
     5:        1.000        0.000        2.000        0.000        1.000
    10:        0.000        0.000        0.000        0.000        0.000
    15:        0.000        0.000        2.000        1.000        0.000
    20:        0.000        2.000        1.000        0.000        0.000
    25:        0.000        1.000        0.000        0.000        0.000
    30:        0.000        0.000        0.000
F:
     0:       33.000        0.000        2.000        0.000        2.000
     5:        0.000        1.000        1.000        0.000        0.000
    10:        1.000        1.000        2.000        3.000        1.000
    15:        2.000        1.000        0.000        2.000        3.000
    20:        1.000        1.000        2.000        2.000        1.000
    25:        1.000        0.000        1.000        0.000        2.000
    30:        0.000        0.000        0.000
G:
     0:      170.000        7.000        6.000        2.000        7.000
     5:        7.000        6.000        3.000        7.000        7.000
    10:        5.000        4.000        7.000        6.000        8.000
    15:        6.000        6.000        5.000        6.000        5.000
    20:        6.000        6.000        6.000        5.000        5.000
    25:        5.000        7.000        6.000        7.000        5.000
    30:        0.000        0.000        0.000
L:
     0:        2.000        6.000       10.000       14.000       20.000
     5:       26.000       32.000       38.000       46.000       54.000
    10:       64.000       76.000       92.000      112.000      144.000
    15:      226.000
R:
     0:        2.000        6.000       10.000       14.000       20.000
     5:       26.000       32.000       38.000       46.000       54.000
    10:       64.000       76.000       92.000      112.000      144.000
    15:      226.000
X:
     0:      288.000        2.000        0.000        0.000        0.000
Y:
     0:       61.640        0.670        0.000        0.000        0.000
